SVM: 0.8988195642329044
LogReg: 0.8993648137406057
NB: 0.8752968739664271
RF: 0.7737820375826223
GBT: 0.8767408549461397
